55500000
55500001
55500002
55500003
55500004
55500005
55500006
55500007
55500008
55500009
55500010
55500011
55500012
55500013
55500014
55500015
55500016
55500017
55500018
55500019
55500020
55500021
55500022
55500023
55500024
55500025
55500026
55500027
55500028
55500029
55500030
55500031
55500032
55500033
55500034
55500035
55500036
55500037
55500038
55500039
55500040
55500041
55500042
55500043
55500044
55500045
55500046
55500047
55500048
55500049
55500050
55500051
55500052
55500053
55500054
55500055
55500056
55500057
55500058
55500059
55500060
55500061
55500062
55500063
55500064
55500065
55500066
55500067
55500068
55500069
55500070
55500071
55500072
55500073
55500074
55500075
55500076
55500077
55500078
55500079
55500080
55500081
55500082
55500083
55500084
55500085
55500086
55500087
55500088
55500089
55500090
55500091
55500092
55500093
55500094
55500095
55500096
55500097
55500098
55500099
55500100
55500101
55500102
55500103
55500104
55500105
55500106
55500107
55500108
55500109
55500110
55500111
55500112
55500113
55500114
55500115
55500116
55500117
55500118
55500119
55500120
55500121
55500122
55500123
55500124
55500125
55500126
55500127
55500128
55500129
55500130
55500131
55500132
55500133
55500134
55500135
55500136
55500137
55500138
55500139
55500140
55500141
55500142
55500143
55500144
55500145
55500146
55500147
55500148
55500149
55500150
55500151
55500152
55500153
55500154
55500155
55500156
55500157
55500158
55500159
55500160
55500161
55500162
55500163
55500164
55500165
55500166
55500167
55500168
55500169
55500170
55500171
55500172
55500173
55500174
55500175
55500176
55500177
55500178
55500179
55500180
55500181
55500182
55500183
55500184
55500185
55500186
55500187
55500188
55500189
55500190
55500191
55500192
55500193
55500194
55500195
55500196
55500197
55500198
55500199
55500200
55500201
55500202
55500203
55500204
55500205
55500206
55500207
55500208
55500209
55500210
55500211
55500212
55500213
55500214
55500215
55500216
55500217
55500218
55500219
55500220
55500221
55500222
55500223
55500224
55500225
55500226
55500227
55500228
55500229
55500230